210
219
193
207
195
220
208
235
238
169
57
1
24
141
202
90
198
212
42
92
141
102
214
187
14
135
233
229
108
33
90
198
212
42
92
141
102
214
187
14
135
233
229
108
33
90
198
212
42
92
141
102
214
187
14
135
233
229
108
33
90
198
212
42
92
141
102
214
187
14
135
233
229
108
33
90
198
212
42
92
141
102
214
187
14
135
233
229
108
33
90
198
212
42
92
141
102
214
187
14
135
233
229
108
33
90
198
212
42
92
141
102
214
187
14
135
233
229
108
33
90
198
212
42
92
141
102
214
187
14
135
233
229
108
33
90
198
212
42
92
141
102
214
187
14
135
233
229
108
33