90
198
212
42
92
141
102
214
187
14
135
233
229
108
33
90
198
212
42
92
141
102
214
187
14
135
233
229
108
33
90
198
212
42
92
141
102
214
187
14
135
233
229
108
33
90
198
212
42
92
141
102
214
187
14
135
233
229
108
33
90
198
212
42
92
141
102
214
187
14
135
233
229
108
33
90
198
212
42
92
141
102
214
187
14
135
233
229
108
33
90
198
212
42
92
141
102
214
187
14
135
233
229
108
33
90
198
212
42
92
141
102
214
187
14
135
233
229
108
33
90
198
212
42
92
141
102
214
187
14
135
233
229
108
33
90
198
212
42
92
141
102
214
187
14
135
233
229
108
33